| target                 | rc   |   wall_s |    cpu_s | maxRSS_GB |  anon_GB | load |
| Sqpack.Basic           | 0    |       31 |       21 |     6.87 |     0.71 | 9.80 |
| Sqpack.Chord           | 0    |       57 |       33 |     6.90 |     0.79 | 10.03 |
| Sqpack.ZeroMargin      | 0    |       59 |       42 |     6.97 |     0.87 | 10.63 |
| Sqpack.D4              | 0    |       26 |       19 |     6.87 |     0.73 | 10.71 |
| Sqpack.Cover           | 0    |       21 |       16 |     6.85 |     0.69 | 10.76 |
| Sqpack.S32Data         | 0    |       90 |       64 |     7.15 |     1.05 | 10.89 |
| Sqpack.S32             | 0    |      142 |       91 |     9.95 |     5.57 | 8.68 |
| Sqpack.MixedMeasure    | 0    |       42 |       24 |     6.49 |     0.70 | 10.88 |
| Sqpack.SegTree         | 0    |       23 |       15 |     6.49 |     0.69 | 11.36 |
| Sqpack.S21Data         | 0    |       95 |       60 |     6.83 |     1.04 | 11.24 |
| Sqpack.S21             | 0    |      115 |       72 |     9.62 |     4.09 | 13.35 |
| Sqpack.BoxTree         | 0    |       87 |       51 |     6.61 |     0.82 | 13.03 |
| Sqpack.ZMTree          | 0    |      135 |       87 |     6.75 |     0.95 | 13.89 |
| Sqpack.S12U.Pts        | 0    |       27 |       15 |     6.47 |     0.67 | 13.16 |
| Sqpack.S12U.Part0      | 0    |       94 |       52 |     7.90 |     2.12 | 13.38 |
| Sqpack.S12U.Part1      | 0    |       93 |       52 |     7.65 |     1.86 | 13.34 |
| Sqpack.S12U.Part2      | 0    |       90 |       51 |     7.58 |     1.81 | 13.26 |
| Sqpack.S12U.Part3      | 0    |       98 |       53 |     7.98 |     2.22 | 13.86 |
| Sqpack.S12U.Cov        | 0    |       26 |       15 |     6.45 |     0.67 | 13.67 |
| Sqpack.S12Lower        | 0    |       27 |       14 |     6.45 |     0.65 | 13.87 |
| Sqpack.S12W.Pts        | 0    |       28 |       15 |     6.51 |     0.71 | 13.88 |
| Sqpack.S12W.Part0      | 0    |      196 |       83 |     8.34 |     2.57 | 14.24 |
| Sqpack.S12W.Part1      | 0    |      256 |      116 |     9.05 |     3.47 | 15.87 |
| Sqpack.S12W.Part2      | 0    |      257 |      122 |     8.45 |     3.44 | 16.33 |
| Sqpack.S12W.Part3      | 0    |      298 |      127 |     7.29 |     3.42 | 16.02 |
| Sqpack.S12W.Cov        | 0    |       57 |       22 |     6.24 |     0.66 | 16.22 |
| Sqpack.S12WLower       | 0    |       43 |       18 |     6.20 |     0.66 | 16.48 |
| Sqpack                 | 0    |       38 |       18 |     6.23 |     0.69 | 15.76 |
