| target                 | rc   |   wall_s |    cpu_s | maxRSS_GB |  anon_GB | load |
| Sqpack.S11.Pts         | 0    |       48 |       29 |     6.38 |     0.85 | 12.29 |
| Sqpack.S11.Part0       | 0    |       94 |       62 |     7.90 |     2.32 | 12.43 |
| Sqpack.S11.Part1       | 0    |      127 |       82 |     8.29 |     2.73 | 9.95 |
| Sqpack.S11.Part2       | 0    |       91 |       59 |     7.88 |     2.29 | 10.73 |
| Sqpack.S11.Part3       | 0    |      129 |       86 |     8.62 |     3.04 | 10.30 |
| Sqpack.S11.Part4       | 0    |      118 |       77 |     8.03 |     2.45 | 10.80 |
| Sqpack.S11.Part5       | 0    |      173 |      113 |     9.71 |     4.15 | 10.45 |
| Sqpack.S11.Part6       | 0    |      172 |      112 |     9.83 |     4.26 | 10.76 |
| Sqpack.S11.Part7       | 0    |      163 |      106 |     9.04 |     3.46 | 10.55 |
| Sqpack.S11.Part8       | 0    |      175 |      114 |     9.70 |     4.12 | 10.79 |
| Sqpack.S11.Part9       | 0    |      182 |      118 |     9.58 |     4.03 | 10.41 |
| Sqpack.S11.Part10      | 0    |      189 |      123 |     9.81 |     4.24 | 10.53 |
| Sqpack.S11.Part11      | 0    |      222 |      144 |    10.26 |     4.74 | 10.35 |
| Sqpack.S11.Part12      | 0    |      140 |       92 |     8.76 |     3.22 | 10.37 |
| Sqpack.S11.Part13      | 0    |      193 |      126 |    10.11 |     4.53 | 10.38 |
| Sqpack.S11.Part14      | 0    |      174 |      114 |     9.72 |     4.14 | 10.49 |
| Sqpack.S11.Part15      | 0    |      203 |      133 |    10.07 |     4.50 | 10.51 |
| Sqpack.S11.Part16      | 0    |      176 |      115 |     9.75 |     4.17 | 10.63 |
| Sqpack.S11.Part17      | 0    |      221 |      144 |    10.41 |     4.96 | 10.96 |
| Sqpack.S11.Part18      | 0    |      183 |      119 |     9.78 |     4.20 | 10.53 |
| Sqpack.S11.Part19      | 0    |      182 |      136 |    10.10 |     4.52 | 10.41 |
| Sqpack.S11.Part20      | 0    |      171 |      113 |     9.72 |     4.15 | 9.02 |
| Sqpack.S11.Part21      | 0    |      179 |      118 |     9.02 |     3.44 | 12.14 |
| Sqpack.S11.Part22      | 137  |      216 |       10 |     0.97 |     6.02 | 12.18 |
