| target                 | rc   |   wall_s |    cpu_s | maxRSS_GB |  anon_GB | load |
| Sqpack.S13.Pts         | 0    |      172 |       84 |     7.44 |     1.91 | 17.19 |
| Sqpack.S13.Part0       | 0    |      547 |      256 |     8.03 |     4.06 | 17.69 |
| Sqpack.S13.Part1       | 0    |      471 |      237 |     7.56 |     3.62 | 20.27 |
| Sqpack.S13.Part2       | 0    |      418 |      230 |     8.47 |     2.95 | 13.51 |
| Sqpack.S13.Part3       | 0    |      483 |      235 |     8.73 |     3.25 | 13.36 |
| Sqpack.S13.Part4       | 0    |      419 |      226 |     8.83 |     3.28 | 14.34 |
| Sqpack.S13.Part5       | 0    |      458 |      248 |     9.10 |     3.54 | 13.60 |
| Sqpack.S13.Part6       | 0    |      410 |      231 |     8.71 |     3.16 | 13.78 |
| Sqpack.S13.Part7       | 0    |      339 |      260 |     8.97 |     3.43 | 9.61 |
| Sqpack.S13.Part8       | 0    |      314 |      244 |     9.16 |     3.60 | 8.07 |
| Sqpack.S13.Part9       | 0    |      302 |      234 |     8.89 |     3.34 | 8.09 |
| Sqpack.S13.Part10      | 0    |      304 |      239 |     9.05 |     3.52 | 8.08 |
| Sqpack.S13.Part11      | 0    |      309 |      242 |     8.98 |     3.42 | 8.21 |
| Sqpack.S13.Part12      | 0    |      302 |      237 |     8.84 |     3.29 | 8.26 |
| Sqpack.S13.Part13      | 0    |      352 |      274 |     9.54 |     3.99 | 8.44 |
| Sqpack.S13.Part14      | 0    |      312 |      244 |     9.09 |     3.52 | 8.12 |
| Sqpack.S13.Part15      | 0    |      292 |      225 |     9.15 |     3.59 | 8.33 |
| Sqpack.S13.Cov         | 0    |       23 |       16 |     6.27 |     0.66 | 8.31 |
| Sqpack.S13Lower        | 0    |       28 |       16 |     6.27 |     0.67 | 8.57 |
